	genome1.fasta	genome10.fasta	genome2.fasta	genome3.fasta	genome4.fasta	genome5.fasta	genome6.fasta	genome7.fasta	genome8.fasta	genome9.fasta
genome1.fasta	100.0000	99.8961	99.8867	99.9471	99.8516	99.7902	99.8857	99.8147	99.8662	99.8430
genome10.fasta	99.8974	100.0000	99.9473	99.8864	99.8570	99.8118	99.9242	99.8070	99.9277	99.8270
genome2.fasta	99.8865	99.9473	100.0000	99.8773	99.8732	99.7898	99.9340	99.8047	99.9422	99.8469
genome3.fasta	99.9437	99.8864	99.8773	100.0000	99.8423	99.8019	99.8751	99.7911	99.8853	99.8043
genome4.fasta	99.8538	99.8576	99.8732	99.8424	100.0000	99.8586	99.8444	99.8425	99.8600	99.8413
genome5.fasta	99.7924	99.8118	99.7886	99.8033	99.8584	100.0000	99.7965	99.9456	99.8073	99.8671
genome6.fasta	99.8861	99.9224	99.9325	99.8785	99.8447	99.7951	100.0000	99.7996	99.9232	99.8074
genome7.fasta	99.8147	99.8070	99.8050	99.7930	99.8322	99.9423	99.7979	100.0000	99.7934	99.8723
genome8.fasta	99.8675	99.9261	99.9410	99.8847	99.8599	99.8061	99.9232	99.7953	100.0000	99.8207
genome9.fasta	99.8446	99.8270	99.8463	99.8044	99.8423	99.8726	99.8093	99.8722	99.8195	100.0000
